
21
0
2
0
2
2237
5
0.24
0
0
2237
0
1
2
0
0
445
3.49
0
0.48
0.04
0
3
2
0.89
1
0
0
0
0
1
0
0.6
7
5
0.05
1.33
5
0
0
0
0
0
2
0
1
0.71
28
13718
0
2
0
2.99
0.5
0.8
0.31
1
93
0.5
0.95
0
70
0.12
0
0.6
42.88
0
0
0
0
0
0
0
0
1
5.7
0.11
95
0
0
656
0
0
0
0
0
215
0
0
0.17
0
0.02
0
0
0
0
0
0
0.12
1
0
1659
0
12
0.75
1
2
0
0.1
0.6
0.36
770
0
0.05
0
0
0
1.52
0.53
0
0
1
1
0.5
1
0.36
4.1
0
0.12
0
0.11
0
0
1119
4.1
1.31
5
0.36
1
0
1120
0.25
0
0
8
1
4618
11
1.9
0
0
0
10.7
0
0.01
9.52
3
0.5
0.12
0
22
2
0.88
5
0.19
0.14
0
0.24
0
2
0
36.14
2
0
0.52
0.4
3104
0
0.5
1.5
7.52
6
0
0
1.5
33.8
0
30
1.11
0
0
0
3.2
0.36
1837
0.6
0
0
0.03
0
8
2.5
0
0
0
1
0.5
0
0.37
0
0
3
0
121
0
2
0
0
0
0
98
0
0
6
1
0.02
10
3283
0
4.46
3
2
0.71
0
3.6
0
0
382
0.85
0.85
0
0
0
0
0
0
0.5
1.7
0
0
87
200
2
0
1
0.17
0
1
1
0
20
250
0
0
299
6.2
0
8
0
241
0
0
0
0
0
3.53
10
0
0.12
5
5
2
0
79
0
0.48
5
0
8.62
5
0.71
25
535
0
100
2
0.16
2
0
0
3
0
0
2.3
0
0
26
0
0
0
83
250
489.7
0
45
0
0.98
0
0
0.17
0
0
1
0.42
0
0
286
3415
4
4544
0
0.36
0.05
0.24
0
1
0.5
0
17
0
0
0.29
0
7
0.48
28
8.57
4.5
0
0
20
0.5
2
10
1.7
1
0.71
0
0
0.02
406
0.14
5
0
0.95
0.4
0
0
1
0
0
1035
20
0
23
0
3311
26
0
0
0.02
0.43
0
0
0
0
995
2.4
0
0.24
0
288.5
0
20
0.5
2530
16
1
3.99
58
2.4
160
0
0
0
50
0
0
0.74
0
0.12
7
0
0
0
0
432
8.36
0
0
0
25
0.53
0.09
0.81
0
0
0
304
15
0
1
0
0
0
32
1
0
2
0
0
9
0
0
0
205
1
0
0
0
5.23
0
0
0
9.5
0
0.76
2357
1.43
1
1
15
2
0.9
0
2
1
0
3
0
2
0.2
0
12
0
10
1
0
5
100
0
0
0
0.8
85
0
3
3
0
0
0.05
0
0
1
0
1
7846
0.36
0
0
0
0.23
1
0
20
0
0
33
4.88
10
0.89
2
50
1
9
0
0.03
0.2
1.12
0
5
0.14
1
1509
13.4
0
3.44
10
0
0.28
0
10
0.38
100
2.6
0.74
0
1967
0
0
0
1.5
627
0
0
0
0.17
9
0.24
0
0
0
0.5
0
0
3.26
0
0
0
0.7
0
1
1
3
0
675
0
0
2
4.5
0
7.5
50
0
0.2
19.86
14
0.24
0
0.5
56
0
3
2
1
0
0
0
4.1
120
12836
0
0.05
0.17
0.09
500
0.8
0.24
0.35
0
0
0
1
324
3.43
80
0.5
0.48
0
0
0
0
0
10
0
0
0.5
0
290
0
0.48
3
990
200
0
1
0
0.12
0
3
0
0
0
0
0.35
0
4
0
0.1
3
0.23
0.05
0.48
0
5648
45
0.23
0
0.1
0
1.5
80
0
1905
1330
0
55
0
0
0
0
85
0
0
0.36
5
0.02
0
0
1
150
0.24
4
1
0
360
530
3.06
592
1990
0.71
0
0
1.3
100
22
1
2.5
0
1
3283
0
0.03
2
50
13.79
0
117
0.12
0
2
0
0.14
1221.5
0
0
2
11
0
23.3
0.71
0
0
5.95
0
0.17
1
1.52
0.36
195
20
0
87
0.16
6
0
0
2
0
0
0.35
0.48
0
100
281.76
0.1
0
0.35
0
0
0
0
0
0
0
0.5
0
0.05
50
0
0
2
0.5
50
2
0
0.12
28
1245
0
1.5
0.5
0
1
0
0
0.2
0
0.03
0.1
4.3
0
0
15
2
0
0
0
0.09
0
0
0
0.48
0
0
0
100
15
0
0
0
3.88
0
0
0
0
15.15
0
0.08
0
5
0
0
1.84
0
0
0
0
0
76
0
0
0
3
0
0
0
0
0
0.36
0
0
0
0.3
880
0
3
3
0
0
0
0
20
0
0
0
35
0.58
0
5
0
0
0
2
0
0
0
3.4
0
0.79
2.5
2
0
1
19
2880
0
10
0.02
0
0.2
0
0
91
0.1
0
0
0
1
0.5
0
2
73.5
250
0.8
0.12
0
0
0
0
2
465
0
201
0
0.24
4
0.12
2
0
8.68
6
15.67
820
0
0
6.3
0
3117
0
0
132
0
0.09
0
0
0.04
629
0
217
1
0.36
0
0.24
0
0.44
0
0
3
0
0.12
0.4
0
0.5
5
0.25
0
0.1
0
0
3
0
19
0
0.1
0
0
0
2
0.33
0
8.78
0
0
0.02
54.65
0.1
0
0
0
0
0.17
3.75
6700
0
0
2
0.75
0
0
0.48
0
0.24
1.09
0
0
0
0.5
3
0
0
20
0.24
23.8
0
0.9
25
0.48
0
0.02
0
0
0
0
0
0.24
0
55
0
0
0
0.24
0
0
90
200
0
0.6
0
0.11
0
0.1
0
20
0.47
0.48
0.05
0
0.5
0
0.8
0
0
0
1.3
0
0
0
0
0
2.62
5
0
0
0
0.1
2
23
0
1187.69
0
0.1
0
329
32
5.3
0
0
0
0
0
23.81
0
0.25
6719
0.5
0
0
0
0
0
0
7
2
0
0.2
20
0
0
5.6
0
25.4
0
0
2
0
0
0
10
0
0
0
0
0
1.5
0.2
0
0
0
0.03
0
0.12
41.8
1.2
97.52
0
0
1
2
0
0
3
0.15
0
230
0
0
0
2
0
0
8.7
18
0
4.83
0
0.45
0
25
0
0
0
0.36
0
9
25
2
0
0.5
0
13
0
0.48
0
15.5
3.4
0.3
0.3
0.3
20
1
15
0
0
0
0
0
0
0.1
0
0.01
0
0
0
1.57
50
37.16
0
0
0
0.9
3
0
0.5
0
0
0
50.76
0
0.1
300
38
17.5
23702
0
2
0
140
0
57
2
5.88
415
1090
1.6
0
0.06
0
0
1.39
65
0
0
0
0.2
0.75
0
1
0
9
0
0
0
0.07
0
0
0
0
5
0
0
2.9
0
2
0
0
0
1
0
4
0
0
0
0
0
0
253
0
0
0
0
0
0.4
0
0.48
0.92
0
0
0
1
1
0
0
0.5
0
0.5
0.38
1
0
0
70
0.7
0
0.61
2.39
175
0
0
0
0
0
0
0
0
0
0
0
0
0
0.8
0
0
200
5
0
158
3.7
0.48
0
0
0
0
26
3034
0
0
0.24
0
0
0
0
0
0
0.3
0
60
0
1
1
0
0.01
0
18.18
5
400
0
0
50
0
0.9
0
0
0
0.02
0
0
0.8
0
0
0
0
0
0
0
0
0
0
0
0
2.8
14744
0
0
0
12.5
0.1
5
0.2
0
0
0
0
0
0
0
0
0
0.5
0
0
18400
0
11405
0.02
0
0
0
0
5.23
0
1
0
12
0
0
0
0
17
0
0
0
0.12
1935
0
0
0.8
5
0
0
0
2491
2.38
4
4
0.04
16.43
4.52
0.2
5
3.5
0
0
0
0
8
0
0
0
0
10
10
13
0
20
0
0.1
0
0
0
20
1.25
7
0
8
0
0
7
0
0.08
0
21
0
0
0
0
1.2
0
0
0
0.5
1
0
4357
7
0
0
2
0
0
0
17.8
0
0
0
0
15
0
0
0
0.01
0
0
0
0
42.5
0
0
0
2.97
1
37
0
2
0
0.25
0
0
97
33
0
0
716
0
2.9
0
45
0
0
0
7
0
0
0
190.5
0
0
0
2.19
10
0
0
2.17
0
0
5
0
0
15
0
0.24
0.24
0
0
0
0
2.5
0
0.36
133
0
0
0.24
0
0
0.5
0.12
3.31
0
25
0
1
0
0
0.1
0
0
0
0
0.97
0
321.5
0
0
0
0
0
0
0
0
0
0
0
2.5
0
0.48
0
1.5
0
3
0
0
0
0
0.54
5
5
5
0
10
0
0
0
0.4
0
0.2
3
0.6
0
0
0
0.42
1
0
0
0
0
1
0.07
0
0
0
0
0
8.38
0
0.27
2
0
2
9
0
0
8
0
0
1.5
0.03
0.5
100
0
3992
24.8
0
0
60
0
0
0.08
0
0.1
0
0
0
0
0
0
31.42
0
5
3
0.19
0.12
0
1
2
0
0.02
80
0
0
0
0
0.35
0.1
0
173
0
2.26
0
0.01
1
0
0
0
3
0.1
0
0
0.5
177
1
0
0
0
0.05
1
4
4.5
0
0
7
0
0
176
0
2066
0.01
0
0
3
0
0.8
0
445.27
0
0.1
445
0
0
0
0
0.6
0
1
2
0
0
0
389
787
0
40
0
0
0
0
0
0
0.2
0
0
0
0
10.7
3
3.5
0.6
2.85
0.5
0
0
8.6
0.2
0
473
0
0.12
0
0
0
298
0
0
0
1
4.2
0
0
0
0.06
0
0.1
0
0.36
0
0
0
0
200
0
0
0
0.2
1.49
0
0
0
0
0.02
0
14
0
4
0
0
0
0
0.28
6.7
0
0
0
0
0
0
0
1
0.5
0
0
25
2.8
0.1
0
0.01
0.71
13
0
0
581
0
0
52
0.93
1
0
0
0.83
0
0
0
130
0.02
0
0
2
0
0
1.9
1
3.4
0
5
0
17.1
0
0
0
0
0
0
0
0
0
1.2
1
9
1.43
0
0.1
0
0
1
0
0.15
9
0
20
0
0
0
0
0
0.5
0
34.6
0.19
0
0.1
0
0
0.13
1
6
0
0
440
3
0.5
3
0
0
0
2
0
0.6
0
0.17
90
0
1
0
0
0
0
0
0
0
3216
0.24
0
3.28
0
0
0
0
0
0
0.92
71.43
0
0
0.5
0
0
9
0
4
0
0
0
0
0.24
0
0
0
0
31.8
0
0
19
3822
0
0
0
0
0
20.6
0
0
0.12
0
1.19
0
0.48
0
1.1
0.5
0
0
0
1924
8.8
1
0
181
65
9.52
0
0.1
0
0
100
5
0
27123
0
0
0.48
30
1
2.5
0
0
0
693
0
0
2.68
0
0
0
6.9
0
0
480
0
0
0
0.1
0.07
30565
0
0.48
24
0
0
0
0
0
0
0
0
0
0
0
0.2
0
0
0.1
0.38
0
125
51
2
0
0
0
48
0
0
0
0
0
0.5
0
4
15
0.17
0
0
0
23
0
0.01
0
0.33
0.2
0
0.48
0
0.2
0
0
10
0
5
12
0
0.1
0.06
0.33
0
5
5
300
5
0
0
0
0
0.2
0.1
0
0
0
0
28
0
0
0
3
0
0
0
0
0
0.1
0
0
0
4.4
0
0
0
0.15
0
190
0
0
0.79
0
0
5
0
0
0
0
0
2.3
0
2535
0
0
0
0
0
0
0
0.45
0
0
0
0.05
0
0
0
0
0
0
0
0
0
0
88
0
4.5
0
0
3
0
0
0
0
20
0.1
0.1
0
0
0
0
1
0
1834
0
770
0
0
0
0
6.2
0
0
0
3
0.5
0
0
10
1.8
0
0
0
0
0
1.5
0
0.25
0.5
0
0
0
0
0
0
0.4
0
4.05
0
1609
8000
315
2
200
4.71
976
1
0
0.01
0.36
6
0
0.04
0
0
0
0
0
0
0
0.24
4.5
5
44
0
0
0
2
11.5
0
1.43
0
0
0
0
0.6
5.58
100
0
27
208
0
5
0
0
0
0
1.6
0
17.3
0
0
1
0
0
0
1.6
156
0
28.3
0
0.47
2
1300
93.85
0
0
0
0.6
3
25
0
0
0
0
945.6
0.1
0
0
0.07
0
0.1
1
0.5
0
28
0
26
1.5
0
0
0.35
0
1
0
0
0
0
0
0
0.1
0
0
0
75
20
3
2.26
0
0
115
0
100
0
0.09
0
0.6
0
39.67
0
2
0
0
0
6
0.2
0
0.39
20
0
0.5
0
0
0
0
0
0
0
1.38
0
0.5
5
0
0
0
0
2
1
8
0
0
10
0.2
0.2
0
0
12
2
0.05
0
0
0
0
0.5
0
5
0
0
20
0
0
0
0
3
0.35
0
4
0
4
4
19
38
0
10
0
24
6
0
0
0.2
0
30
0
51
0.1
0
0.2
0.2
0
0
0.02
0
1
5
0.2
0
0
0.7
0
220
0.47
1
2
1181
0
0
0
0
14
4
0
0
0
443
0
1
0
0
0
0
0.47
21
0.02
0
0
8
0.8
0
0.35
250
0.35
0
0
0
0
2834
0
140
1
0.01
0.2
0
0
0
149
1.1
0.24
319
0
0
0
0.85
1
0
1
0.02
0
0
20
0
53
0
0
0
0
0
0
0
0
0.12
0
0
3.5
0
0
10
0
0
0
0
0.1
15
60
0
0.29
14
0
20
0
30
0
0
0
0
0.1
0
0
0
0
59
223
0.64
25
4950
0
0
0
0.27
0
0
0.2
0.24
0
0.2
4.8
0
0
2
1.74
0
0.37
0
0
8.3
0
0
0
0
0
0
0
0
29
83
0
9.93
0
1
0
426
0
65.3
0
0
100.1
0
0
5
0
0
8.58
854
0
0
0
2
0
2
0
0
0
0.7
0
47.62
10
0
0
0
26.5
80.1
694
63
0
0
0
0.1
0
0
0.22
0
0
0
70
0
2
0
0
0
0
0.14
0
100
0.1
0
24
0.16
0
0.2
0
0
0
0.02
9.1
6
0
0
0
0
0.29
0
1.97
0
0
5
0
1
0
105.8
0.01
0
2
2
0
0
1
0
0
0
0
3.7
0
0
0
0.71
375
0
10
0.1
0.1
9
0
0
2
0
0.12
5.6
0
2.28
81.4
0
16.91
0
90
1.1
0.38
0.5
0
0
10
0
0
0
1
2
0
0
0
5.9
0
2
25
0
0
4.87
0
4
0.18
0
0
200
0
0
203
0
6.15
0.5
0
17
4.4
0
56
0
1
0
0
0.7
0
6.91
4.4
5
2
0.89
0
0
0.05
0
0.1
0
0
0
0
0
0
0
3
7.2
2.48
0
0
0
0
0
0.02
0
0
5259
7040
150
0
0
0.7
0.4
0
0
0
0
0
1208
0.1
0.38
0
0.5
0
0
0
0.9
6.3
0
0
0
0
0
3.5
0
1.38
0.12
0
5.9
0
0
0
1.58
0
0.5
0
0
0
1523
0
2.48
649
0
1238
276
0
0
0
0.09
35
0
4444.5
0
0
0.14
0
0
0.71
0
0
0
0
0
1820
0
86.96
0
0.1
0
31
4.2
5
0.1
0
0.38
0
0
1.98
0
5000
0.1
0.1
0.24
0
0.4
1
0
1402
0
33
9.1
0
15
0
2.1
4.16
0
35
0
45
0
0
30
0
0
0
0
0
0
0
1
0
580
0
0
0
