
1627
4008
200
11540
29650
4194715
70400
413
40336
30050
165593
357269
12150
37850
20333
32500
2517615
254
30504
66679
75017
4575000
3880
1100
26000
46185
7807
200570
2800
8867
2100
667000
60065
11170
6500
4521
4800
380400
950
5377
30515
1514
17100
93513
17485
26860
8790
129007
1599786
15950
16018
19080
3510
773
65000
13594
11287
85620
5039
26064
8060
511550
765
1160
11497
480000
54000
16800
158500
106030
4773
3520
1350
4215
100000
2201260
30058
437000
16130
115290
110600
123396
189240
8012
4000000
7815
13933600
100504
36590
27
1780
167904
31019
35229
102969
5086
20300
5000
2509
966350
142675
575409
47284
1103967
13110
92856
117653
28880
78188
4575
32030
93627
23607
1800
18375
39518
5100
51100
823
11375
1879337
23575
194586
1400
6868
20050
70000
305195
11012
1053057
207508
9965
25500
28938000
5066
5220
11700
9499
4765
5000
1965246
150
71000
22058
150000
150
304262
1854
13741
150758
10070
287064
784
330000
76269
26885
16534
2536
7500
26581
32233740
10180
11598
45375
0
5011
30417
79030
42797
22412
135000
807094
68152
137000
1036940
29411
524275
13900
2280
6250
261317
43361
10035
5300
49
1294
25958
8727
160
21404
27300
49500
201
163161
840526118
24952
362045
18352
523
830000
45000
19227
567
1209
1000
21238
11044
240300
600
9590
20243
295600
499335
13184000
5080
173
33018
28500
20000
11025
398039
2799
15000
5000
18677
2500
16260
1811756
49050
45800
2222
4120
45060
0
10500
4128
6220
17328
60
60
47443
47393566
25000
80000
177922
364157
18865
116356
40100
940
60250
27400
21084
35100
237
8913
1020
3982
35150
75000
262519
64130
7200
0
1525
29150
5050
27800
1990
250358
4000
35000
21000
64964
8540
159
65100
1760
80000
91950
8530
3700
31000
765000
393500
7368
47000
300
67431
19434
29185
45000
989000
13250
438060
11700
1055
18000
5065
187500
1270
3087
5000
31010
20000
2000
418
2110
10500
10050
128862
20833925
4709566
16675
155340
21500
1866
375
530
10395
67600
250000
1050
5700
3450
575025
86987
216075
456240
362129
9514
2762
620
20021
19495905
200
60
2840
150532
20742
4055
205645
28762
125355
17550
860700
64515
387
44150
250350
2155
2555
600
19800
45150
4625
46060
15700000
19702
57315
25899
511
5550
30200
43
2603
35700
5520
2
60075
75000
816730
1612
20000
41600
906900
4468256
490276
20045
45600
3200
36700
25065
24050
5250
5025
115200
594200
66500
1025
257250
12360
0
97520
18428
7584
126058
5769
158
67021
160643
54420
2500
153400
5524
156905
28025
10770
1050
800
3025
160374
9535
12300
4360
1451
2390017
541
3000
7250
42465
22375
13505
4613
31250
30572
1200
19050
2232739
1380791
4625
41139
339300
1200
2100
757637
2100
8050
45540
20754
1237
25600
7500
5600
510
218516
5100
10125
122647
10900
559500
2592
4600
1825
594361
25875
2572
35728903
21110
1414
7100
41125
47150
36100
27301
49832
5100
9450
215
2910
99702
4000
68
2314
1316000
257035
2605
5225
0
721188
235710
30000
178010
8600
105809
11058
7900
415547
333500
34000
3525
2065
17050
8080
7540
52320
1360430
25030
107588
13052
290
10543
43
2400000
1770
28588
0
108832
267
120888
1586
13100
645000
1590
77265
44400
14540
45400
158100
152005
911000
632830
3992
135000000
58000
6570
187
329750
5050
778
189060
27540
20100
956500
1368
148
30192
188678
4720
221
30150
3575
4741387
142175
49916
0
7600
63050
35000
6140
773159
250000
12250
196640
476550
411277
12522
2046
127994
30070
197
5100
45240
40400
931750
7669065
175080
81300
49800
2729
2152
241617
338500
41500
30013
1742
410000
1370
580000
45
1275040
10184
27598
10904
227
225
7900
26000
36427
140030
1501020
3830
1210
10
2000010
2582100
3343196
150004
162264
10200
19550
39150
160185
3397777
67542
12590
28155
7070
229250
120100
365591
37607
66000
17500
29100
54500
3308
12257
667841
0
9000
6080
766550
70530
13750
4520
295000
10
500
2336
17456
41500
560
5500
25070
35440
6400
5650
20000
29540
775
32100
45
43400
479639
1839410
552312
7300
16100
2010
5190
40343
49312
1872546
87130
385900
111651
460544
3100
14300
709351
2785
5913500
125000
4185
40500
340000
3
1150
833200
21232
15730
52121
4605
194750
32471
59525
117070
2246845
2280608
7696
697
73050
22614
287500
3866
15100
5434
5811
1100
217000
10500
1630
3612
157300
2492
6550
89622
1315
10050
23129
3085
33
17904594
10040
37240
128200
311847
35005
1100000
2030
92523
4500
5393
5000
925
42532
265793
2837
125160
178748
181
15950000
1550
57600
38540
27228
17296
25050
96000
2034
11575
3000
75000
2377626
16450
825050
610
901600
300000
61100
43660
10003
0
58360
22507
11310
3273
266340
125000
332
244650
4253
965000
1207
45000
15012
38940
2836777
400625
2050
18160
1800
25100
450
1030
165
7525
2220
150700
259
4550
23015
2801500
36062
800
40000
100750
42700
906500
100000
637800
49
6040
120400
188095
178282
69088
7900
7250
1800
2911
35000
9315
10200
923370
2912
486500
350005
10100
25060
1698327
15000
323
14476
81600
312
2050
53000
156600
9750
3600
9140
39070
221100
6030
22000
405500
3080
27100
9900
14850
4660
10050
7670662
2800
32595
770
12000
6840
24525
9575
259533
7803
4020
125000
75485
97031
0
41970
26315
4213
395779
10454
7055
434500
4350
68911
5000
40283
32328
12680
30100
7770
85249
117395
0
10500
1523241
11049
16548
7450
55000
952518
100
3525
3500
7475
26553
5200
3250
43720
87000
130000
5456
2909
151661
1055
59000
35020
6900
235000
17500
303000
176000
9600
13000
1137
18162
18000
380538
10100
505850
23223508
2750
15000
3245
4300
1162004
1820500
62400
6213980
27600
35025
2070
36000
5092
5014408
14620
8925
15460
5040
20000
34500
20130
550
85678
75544
12453
7400
27170
1050
46000
991
21700
130050
666980
185500
6000
105402
501500
16000
6023171
250
79000
20200
2375
1110
52668
20000
40750
37739
10564
2000
470002
42494
68901
1430920
10730
112000
2650
1475
525
264000
154000
44000
37660
10600
3600
45000
26543
2000
25520
1600
93318
3630
82000
2200
24598
1050
245000
167200
7024
1285800
322649
85600
193527
1000
10190
17000
75419
16012
25160
170000
32477
26200
54000
82700
95100
95800
3463
3820
44020
423463
88000
35000
17200
3648
7584
230005
35400
68000
362000
1180000
32200
2570
55784
2460
12041
2403151
525
19050
183450
2000
175000
40600
9800000
13868
19400
933000
158100
15500
495700
147000
12200
62477
2416
119829
301311
43897
25265
7000
48695
493500
113318
8450
138000
1900
157000
14588
11000
170195
1513925
25020
256891
2880
0
21000
77332
1216083
9530
42300
401000
37407
4980
1600
22582
40250
6000
15466
11090
1552922
66918
9800
37308
225400
100523
1500
45029
2429
10040
136000
156028
15020
5700
25100
65373
6600
2265
4800
780
2991
23540
22200
30000
2440
10500
1545
2708
5438
5417
25250
45000
40285
734668
56200
158934
120500
224259
252000
34040
8696
16900
81000
7515
20100
7100
213000
115462
785000
15200
20850
585
5201153
278559
163973
37089
26379
270046
30000
117898
60025
36618
47950
173869
145513
119463
38197
13122
125700
100000
17700
66095
15000
33581
18000
49552
10240
0
675000
870020
1135855
118550
6477
5680
3634605
5299
158900
150000
214538
6885
8858
3126
5650
8730
20150
55100
1118000
12550
222000
3384814
216515
29459
10262149
44421
30300
21819684
133107
23780
148110
83848
2400
10000000
91300000
296
20160
482401
6430
1582100
325409
283000
13876
22150
10400
2050
2617
51000
1100
10450
40300
300
40075
9275000
200100
150142
1743000
500
72010
3904
243264
62250
33286
10000
12400
35440
15275
11160
10300
638140
24015
12500
240678
212549
3190
10984
273100
929369
359706
5405
6075
150000
520
40500
1000
825
75840
12750
231412
7661
286000
3437
5928050
91200
86440
321684
13521
2150
66000
450000
3658
594500
35
1540
342500
50120
13844274
3600
2600
41173
45672
5100
5250
7000
36835
7050
3090
350
23676
140
540
6834
73569
325000
5500
12555
554500
13325
11020
3070
31047
4248
1600
67675
1025000
55000
25700
560
19137
23
40516
4170
6000
5000
29300
13500
199740
13000
1200
58100
10000
175000
42600
209666
188903
1985787
47847
100
575000
431656
10000
10730
6640
55540
1000000
32077
518642
30650
2505
1317928
4500
20200
35456
338000
737394
236000
5000
0
1996000
16200
1200
16986690
107500
3000
2000
935525
0
2020
46300
5500
44100
836469
9150
2907080
60958
10119
52720
427913
6553
4850
15325
515000
33800
4917350
27000
17900
45970
0
7175
112822
23500
381000
4620
1000
285000
2000
3050
40000
10880
519595
4650
1275
250
1723695
2700000
200
620900
3107125
185750
2237
38060
590596
14448
216040
300
57200
58324
50266
151510
45834
168361
625
21769
42454
60000
104500
5000
47000
45250
600
266257
190000
634
50
263660
365600
157221
23150
254899
627734
26050
62603
10000
46048
20336
2525
4615
11235699
16150
1520
98287
88030
41710
375131
160
11588
88100
764525
31200
12200
19383
3450
64100
4588099
19632
1535
1025
130300
2000
7025
7300
36776
1019985
316754
67000
19214
86200
1418
5615
4750
105005
9530
295030
871000
265573
27050
132000
2845
193841
10300
5200
20079
1069253
2064
2500
33300
515800
478
336047
39928
3900
280122
1750000
150090
3175
223357
2025
5882
9365
3980
300000
5000
9075
5500
1652500
39130
1000
39450
41151
8000
300
32000
44451
5140
66092
47741
0
2643
14000
49800
50
200
1560
30550
66500
13228
30400
1750
170
378368
14060
6500
50
7235
10300
1550
19026
153385
30015
110000
25719
98668
2275
10103
29320
3080
101500
205386
2815
22435
661000
15220
30200
765
200357
885000
2500
5025
32257
6336
214140
1000
5136
10150
42333
7000
19024
15908
72700
232500
32617
1720
2830
33976
32500
41885
15000
20500
48200
206471
942824
29000
56650
215
117000
3460
1090
1550
15050
4276
6272
243357
1200
44800
2770000
791
41300
0
1500
165750
40000
13200
48297
30000
1987841
2007118
2950
122175
2855
500
81786
4950
400900
7174939
6528
3400
2400
2556
4868
1446356
1379751
204164
521000
8650
25000
116350
18140
65800
52503
2000
1493
45679
14787
68000
25045
395330
6600
100026
115
32500
7288
5533
24250
20798
1100
600200
24090
1327126
223064
19785
18101
48400
3400
897
250000
165031
247985
10142
149351
19043
0
4501
2120
20000
37100
34140
30296
75558
2650
15719
3341545
957
15050
2015
103500
100500
850
1370
45500
1505
1100
48687
290
70000
7780
1400
11610
1201000
2020
4050
60000
849910
14955
103668
1470000
1020
1450000
1170300
14204
5629
60380
3089580
4625
95704
950
47198
4623
7487000
17300
200000
3041250
355100
47300
5050
14100
5000
482000
4580
207400
19014
1000
0
2210
4000
15630
197315
11688
17600
72230
250
26792
306
536150
34453
52000
1892
2830
185525
13050
51000
39300
1565000
8532
146363
0
16000
36000
13450
281200
21100
675000
8000
225
11280
1550
119531
68000
6000
5515
150441
3434
880000
5000
1535
25149
19150
30000
9562
12105
515269
248000
4118
1500
6500
1820
12000
137600
285525
5060
96000
2020
60900
73972
11850
59000
173100
672200
13988
1340
15826
69050
235582
320826
767844
266725
21000
671
976244
19080
8667
2864000
2520
30000
6831
49750
850
16450
5096
400
62100
6600
1500
944983
8000
5600
16000
8350
1250000
3700
28000
35100
3650
40500
4000
20180
148568
47802
1700
11347
216121
80967
3010
96000
5000
931500
100050
17085
762000
5200
1016236
141440
15090
560500
2000
10000
5025
68594
16210
10000
169096
560500
793376
150800
922
1140259
150
1500
15050
1040
165050
16169
900
1622
8082
24323483
8840
14474
11702787
1061
37000
6538
19265
27000
15000
22174
5100
250
20000
5060
1697
2243000
2100
424000
3002
50080
294100
500
32391
535076
229542
1216
1561513
285500
3532
3025
2112500
39958
20000
1000
1870
172234
37742
20100
49508
4175
9520
41500
18138
10068
2720
515
46100
6400
375
13960
41878
2402
7600
1641
2040
214500
97900
3838000
34950
181345
150501
63050
15500
63088
0
12050
1550
500
19544
70015
26500
14015
884482
50140
6025
11300
30000
1031509
368500
69000
79000
11400
376902
328000
1050
14000
4525
60000
406250
45946
525050
782260
550497
65770
6605
670000
1480
2286812
51250
210
16025
8059063
169860
1135
459408
72150
2175
28075
501
11530
40436
2816000
2525
8400
3300
264500
22004
6910591
82020
25218
250500
152000
540
16652
1000
4430000
11911
38300
246598
27629
625
40125
1080
20160
256700
6030
75
133235
269340
20402
38708
29110
9803
187000
2453000
55500
13525
130500
25010
8200
825
178131
163100
525982
22154
53527
5009
8250
1602
3515
29100
59880
21000
10025
41100
15030
63960
730002
2730
181700
242656
18709
51474
95252
331600
751050
25100
2521
9982
650465
650670
276695
140200
6248
157000
2860
107662
5550
230050
30945
3150
3335
1000
1954200
5025
23052
4000
150
4515
725
20225
18390
3530
2550
35000
95
142000
1690
7585
5618
6700
18757
1050
540000
5000
40050
53713
300150
491574
80200
1951000
3502
109519
18135
41151
100
5070
170000
2850
530
40700
16580
9365
924
109924
4000
5075
18230
6215
25765
10540
39695
105230
5000
137575
31040
6030
45100
2590
21638
2700932
55500
12025
3250
2550
524139
44450
8180
11330
14790
2212822
86000
19000
3494
3075
35100
42065
358600
500
142931884
3265
32000
15500
12410
4350
5578
1005340
2520
210019
15000
30163
1500
3660000
44470
127056
67855
5000
106719
5935
80045
11700
11083
8075
5525
30030
5000
9548
2900
2200
15200
25584
2540
5000
8024
132200
149677
1042447
438976
11300
664751
1240000
776753
330
68010
80000
33022
240
9920
150002
415000
44847
12520
1355
34015
100000
350007
17250
41676
6254
6281206
3825
20300
37365
1684
1640091
35000
20083
50120
19781
102350
2800
120
296722
182250
86964
600
294872
281840
149975
5000
5000
1100
93654
3350
10085
19052
18450
10771
30000
65000
2600
51480
725
62457
12775
480266
8000
5050
321155
625000
6000
35050
0
18500
26098
6300
195750
28137
37107
441
820
622321
8398
1576
51150
55003
22000
0
1150
820
42430
10065
8342
815
365145
49150
1500
7367
167700
5045
529158
196600
3770
3113
45185
115500
150001
2545
22950
103770
72225
545000
35336
92623
8600
274700
11500
15500
1200000
130000
6030
53000
41675
60747
14642600
766270
3585
428443
10250
29250
134289
300000
43349
1020
1600
10300
70020
215600
45020
5300
11607
3025
1173341
11013
133479
56
410
40
2359
4350
810
5935
375131
2240
174792
5026
47892
123584
304000
375000
47584
32088
436800
15280
162001
25575
133000
46280
354261
70
75117
107000
19949
19550
1775840
16200
46658
3000
15851
274836
6350
6600
1060
1000
760
47150
20800
23288
171374
14135
19010
547
10000
600
19504
27580
10000
10329
196960
466625
1002
1150
27580
27580
339771
252687
253300
3665
68041
6200
27580
8015
10000
3077
4236
1807920
52952
44884
12075
2825
30344
145310
13540
404727
45200
13900
40040
291898
5015
50061
2635
525700
30000
9045
23600
2525
205030
11655
140953
9799
450172
190700
513
13350
22800
451950
110
85492
195095
8000
22925
4200000
43800
50160
23000
26026
14
3560
1515
20511
562819
1200
114050
77902
500
7530
13616
11606
200
22600
1095819
75353
24300
25025
736418
5290
149322
177352
50700
15000
15006
30600
2050
9490
75015
725300
1802
22764
42451
15000
43080
4020
4015
9530
1150
97752
470821
368240
188000
7300
4092
11900
187300
47020
1091961
1830055
203120
22750
10509
140000
1
6000
10600
10515
23000
2637468
9475
230923
1131061
593860
104000
104000
33380
5011
6700
847353
502
7230
16800
75
225
1000000
9
60907
5275
12000
200000
46528
13710
750
67318
520050
19400
23020
654309
0
25496
33400
30219
17500
69200
86900
10005
8620
4472
2002168
9068339
40166
35000
23160
8500
125000
2200
67000
8850
39468
947200
9496950
342720
579126
362100
360000
401000
29428
19800
610
22321
6300
26600
1800
6000
16172
720
7000
104026
232500
11104
1108
10120
11047
5333
29930
24168
68475
30100
374451
155
7000
170
60000
20300
138850
185500
441603
16800
23000
820
4540000
60001
25
8050
207
0
200
40500
99125
3695
1
7743
66321
382524
150000
4200
126250
18
25060
155050
11121
1418000
187275
1015
25046
6402
65109
2130
7325
26900
709630
600
30500
9090
250411
51500
125200
38129
5500
425
130030
20000
176250
6157625
30000
32599
148551
125001
2189705
42950
1030
6150
46260
424700
76224
95534
3888
3369
5193
1000000
507278
7000
19431
8003
11024
55570
79380
773395
794
19882
0
7240
1200
7010
4300
14040
2200
360898
149967
84600
40180
36520
135383
3020
15160
11010
1114
36895
257650
150536
4240
381640
26030
2500
42025
500000
940
4355500
10500
2900
10000
750000
3382
11469
350
25000
5290
800
14450
51400
35046
179040
5000
8435
1000138
0
225
3571
16521
45000
46180
6300
22050
6150
400
0
6940710
45272
56400
583099
50931
305000
5260
15025
66234072
2160440
112245
10993
22203
4215
2750
25100
18060
15836
16575
19000
15817
105900
300300
22005
550
50200
7289
920
52050
34310
30210
11100
3068
52041
3525
3571
20
40000
550808
0
175750
3525
1100
96222
200
2930
875
0
18505
60652
2755115
664388
487246
17149
16572
2562426
22500
4050
10100
3133
2017
2827490
5050
0
1300
41874
100
60000
4225
73080
60000
13144
2525
23170
5220
255290
42500
2010000
79323
127748
2136
11178
11079
2971
280
24525
5001
26250
3005
2100
795000
0
50300
5013
51
1132000
3026
7630
155246
0
212
927
501600
11000
10150
3700
1050
2175
357220
47000
8880
302750
117800
2010
16000
15243
152079
18750
66041
47047
65075
258510
13120
61015
105400
15050
41428
45800
